52676
52234
52293
52436
52108
52055
52380
52479
52805
52842
52984
52606
52469
52923
52149
52627
52765
52533
52218
52161
52875
52394
52548
52350
52029
52535
52056
52367
52446
52757
52484
52372
52185
52982
52138
52187
52638
52472
52011
52919
52463
52014
52925
52591
52703
52958
52495
52411
52851
52819
52506
52998
52878
52363
52980
52858
52917
52902
52852
52156
52825
52764
52649
52616
52456
52910
52739
52152
52554
52106
52571
52559
52666
52891
52162
52307
52229
52707
52172
52904
52351
52929
52300
52599
52025
52492
52864
52330
52207
52988
52310
52969
52071
52724
52892
52537
52002
52341
52449
52038
52939
52782
52701
52697
52215
52123
52329
52981
52212
52287
52262
52006
52034
52856
52813
52742
52261
52635
52732
52560
52553
52255
52398
52741
52132
52214
52609
52801
52598
52916
52736
52305
52873
52400
52473
52621
52189
52577
52973
52417
52888
52615
52441
52313
52651
52555
52088
52630
52044
52836
52204
52369
52148
52001
52656
52416
52624
52344
52637
52955
52752
52118
52115
52331
52224
52356
52684
52374
52960
52582
52920
52727
52605
52530
52178
52186
52647
52601
52540
52775
52491
52033
52112
52673
52153
52424
52314
52166
52072
52023
52269
52681
52899
52438
52961
52714
52248
52107
52722
52022
52869
52408
52057
52391
52201
52062
52486
52180
52084
52992
52432
52608
52226
52279
52085
52066
52008
52675
52471
52054
52359
52221
52199
52245
52030
52817
52481
52564
52603
52097
52442
52493
52528
52831
52016
52860
52010
52007
52482
52995
52710
52549
52541
52525
52669
52629
52384
52596
52979
52989
52419
52176
52306
52994
52798
52061
52428
52523
52128
52711
52951
52597
52612
52385
52558
52343
52089
52884
52589
52583
52193
52838
52818
52421
52519
52194
52903
52507
52918
52083
52413
52335
52766
52565
52003
52205
52109
52338
52409
52063
52654
52326
52780
52135
52211
52539
52477
52699
52694
52508
52032
52468
52820
52041
52058
52972
52404
52531
52303
52664
52865
52361
52783
52434
52521
52191
52622
52570
52990
52720
52013
52095
52872
52136
52511
52850
52538
52593
52672
52360
52631
52619
52841
52405
52803
52518
52976
52042
52677
52070
52957
52165
52048
52079
52299
52848
52289
52930
52163
52626
52643
52104
52726
52401
52475
52947
52840
52336
52144
52125
52281
52946
52576
52581
52420
52381
52534
52768
52769
52451
52315
52561
52220
52526
52896
52857
52737
52760
52580
52770
52076
52296
52298
52924
52670
52422
52217
52019
52103
52086
52663
52790
52282
52953
52983
52822
52069
52695
52291
52944
52965
52594
52901
52426
52200
52794
52837
52802
52894
52942
52155
52569
52448
52263
52158
52678
52427
52686
52653
52574
52905
52494
52745
52628
52488
52283
52620
52045
52986
52913
52077
52354
52047
52959
52259
52855
52312
52309
52154
52562
52464
52272
52249
52962
52393
52625
52358
52004
52668
52105
52389
52933
52749
52337
52266
52799
52264
52679
52184
52093
52774
52355
52997
52325
52704
52150
52102
52092
52578
52301
52131
52453
52437
52754
52753
52811
52793
52607
52907
52254
52505
52874
52288
52804
52065
52347
52993
52370
52452
52039
52040
52600
52572
52277
52996
52833
52579
52632
52575
52433
52474
52886
52636
52267
52195
52450
52009
52064
52387
52871
52396
52545
52292
52883
52239
52936
52210
52748
52345
52610
52950
52771
52762
52931
52373
52623
52349
52225
52879
52557
52497
52031
52797
52815
52683
52324
52232
52053
52776
52181
52242
52073
52126
52435
52659
52183
52253
52297
52788
52712
52761
52755
52870
52290
52342
52648
52719
52674
52444
52800
52258
52843
52730
52645
52785
52756
52954
52911
52661
52247
52510
52941
52334
52900
52458
52787
52974
52634
52501
52051
52274
52208
52849
52750
52513
52037
52734
52280
52425
52713
52847
52447
52863
52660
52921
52912
52339
52644
52729
52260
52192
52327
52991
52786
52893
52117
52431
52311
52602
52500
52728
52585
52550
52552
52866
52618
52738
52949
52845
52882
52700
52502
52906
52932
52595
52116
52397
52377
52167
52257
52812
52046
52145
52566
52227
52124
52746
52143
52376
52733
52113
52807
52412
52642
52067
52294
52639
52322
52938
52111
52522
52222
52898
52459
52839
52532
52231
52696
52999
52829
52470
52465
52814
52284
52159
52460
52914
52418
52517
52171
52243
52028
52461
52926
52241
52236
52386
52489
52590
52685
52844
52717
52524
52503
52094
52698
52353
52975
52824
52395
52828
52230
52036
52964
52795
52383
52877
52652
52614
52657
52270
52693
52646
52209
52278
52273
52480
52265
52060
52302
52731
52832
52527
52285
52592
52604
52835
52966
52151
52723
52751
52716
52399
52223
52985
52169
52017
52861
52708
52402
52536
52689
52173
52948
52509
52137
52671
52721
52827
52174
52546
52091
52216
52867
52328
52665
52415
52244
52320
52826
52271
52796
52476
52114
52868
52862
52772
52127
52182
52909
52080
52316
52633
52378
52414
52725
52352
52705
52233
52087
52392
52015
52276
52179
52346
52816
52196
52744
52928
52810
52504
52202
52485
52987
52779
52763
52908
52237
52715
52567
52240
52078
52937
52081
52142
52251
52454
52692
52021
52542
52000
52406
52020
52197
52120
52640
52702
52773
52012
52139
52895
52445
52563
52547
52323
52881
52319
52439
52498
52977
52543
52308
52098
52876
52922
52096
52379
52767
52821
52190
52059
52100
52789
52268
52348
52357
52611
52706
52935
52808
52952
52889
52747
52880
52662
52963
52568
52049
52915
52516
52854
52321
52440
52219
52499
52462
52791
52466
52781
52317
52026
52157
52467
52304
52295
52318
52943
52235
52147
52024
52403
52830
52018
52777
52859
52146
52043
52366
52885
52584
52213
52853
52141
52758
52160
52544
52238
52897
52588
52650
52140
52514
52587
52496
52027
52809
52082
52806
52101
52512
52834
52005
52890
52134
52520
52340
52382
52198
52203
52246
52556
52691
52483
52119
52967
52074
52206
52121
52168
52164
52968
52956
52388
52333
52122
52823
52846
52455
52256
52792
52759
52443
52228
52688
52365
52617
52390
52687
52487
52170
52429
52133
52068
52490
52551
52658
52971
52364
52680
52529
52099
52362
52410
52641
52090
52740
52690
52407
52667
52934
52887
52430
52332
52035
52515
52177
52682
52743
52129
52188
52130
52735
52175
52784
52375
52457
52927
52110
52286
52945
52718
52050
52368
52075
52709
52940
52250
52613
52371
52052
52586
52252
52778
52275
52970
52423
52478
52655
52978
52573
