52483
52565
52187
52307
52053
52931
52118
52779
52456
52964
52375
52435
52811
52568
52182
52190
52143
52311
52303
52692
52411
52890
52499
52823
52319
52317
52832
52868
52007
52095
52214
52141
52084
52830
52826
52268
52887
52492
52829
52298
52959
52304
52907
52455
52765
52734
52295
52359
52903
52229
52819
52606
52649
52569
52524
52478
52847
52637
52477
52611
52172
52749
52542
52416
52958
52737
52036
52158
52119
52684
52880
52672
52135
52670
52218
52790
52657
52459
52624
52031
52470
52554
52775
52092
52171
52131
52623
52664
52543
52294
52919
52462
52133
52635
52005
52843
52479
52380
52697
52595
52033
52480
52331
52108
52192
52051
52722
52234
52748
52518
52432
52230
52453
52720
52944
52839
52818
52525
52607
52300
52908
52610
52612
52960
52238
52101
52365
52523
52979
52926
52197
52357
52070
52001
52977
52520
52231
52430
52877
52222
52841
52419
52539
52774
52570
52932
52037
52184
52024
52286
52602
52164
52372
52992
52526
52795
52667
52909
52730
52225
52685
52633
52250
52199
52917
52905
52952
52862
52200
52072
52049
52703
52247
52414
52062
52261
52473
52733
52186
52754
52690
52924
52742
52531
52874
52850
52420
52337
52689
52719
52324
52378
52178
52739
52550
52587
52700
52947
52937
52140
52552
52014
52328
52315
52506
52845
52458
52652
52312
52077
52642
52343
52026
52030
52817
52809
52895
52039
52284
52929
52258
52353
52792
52996
52463
52219
52682
52206
52547
52613
52469
52824
52965
52533
52149
52263
52472
52630
52498
52102
52592
52588
52620
52377
52329
52934
52647
52142
52180
52327
52348
52598
52087
52089
52043
52836
52906
52042
52162
52368
52564
52201
52159
52338
52663
52945
52802
52245
52018
52269
52662
52423
52922
52078
52336
52668
52891
52350
52346
52878
52709
52020
52918
52806
52631
52571
52859
52961
52489
52581
52415
52578
52701
52984
52445
52109
52622
52834
52496
52330
52485
52003
52177
52527
52167
52589
52639
52677
52788
52157
52015
52900
52507
52985
52438
52282
52856
52361
52096
52713
52509
52911
52999
52373
52825
52940
52901
52235
52636
52986
52808
52444
52050
52658
52586
52800
52671
52471
52705
52871
52439
52228
52136
52046
52202
52103
52259
52198
52233
52257
52925
52100
52644
52923
52486
52309
52395
52125
52196
52711
52481
52616
52299
52151
52227
52349
52188
52899
52389
52943
52381
52464
52621
52511
52241
52752
52744
52604
52376
52408
52516
52793
52193
52994
52497
52881
52362
52170
52767
52674
52387
52491
52512
52249
52120
52175
52990
52629
52502
52827
52753
52422
52948
52425
52716
52495
52956
52401
52728
52154
52698
52104
52660
52371
52920
52949
52921
52110
52968
52983
52842
52560
52955
52975
52846
52466
52277
52019
52256
52097
52166
52325
52721
52237
52815
52465
52305
52567
52232
52266
52322
52002
52144
52367
52715
52963
52556
52727
52363
52248
52210
52601
52712
52274
52822
52195
52740
52760
52590
52768
52406
52747
52717
52397
52541
52301
52484
52129
52318
52755
52522
52326
52551
52273
52011
52287
52942
52869
52116
52706
52091
52572
52769
52597
52086
52627
52751
52474
52213
52265
52209
52334
52239
52067
52746
52861
52661
52490
52290
52837
52851
52686
52860
52814
52189
52335
52079
52879
52645
52521
52270
52852
52519
52226
52532
52447
52075
52678
52596
52126
52838
52428
52048
52098
52892
52451
52066
52246
52731
52403
52099
52027
52117
52758
52875
52617
52576
52708
52064
52321
52972
52897
52957
52068
52561
52156
52665
52296
52933
52203
52866
52467
52055
52388
52675
52609
52777
52260
52648
52179
52161
52799
52699
52783
52966
52773
52759
52173
52863
52279
52828
52340
52314
52379
52872
52558
52370
52032
52780
52529
52579
52676
52316
52009
52927
52208
52065
52594
52006
52215
52605
52291
52392
52928
52394
52770
52356
52441
52437
52884
52756
52704
52726
52460
52772
52124
52253
52028
52082
52025
52393
52632
52310
52889
52424
52582
52534
52946
52021
52761
52275
52951
52155
52562
52345
52080
52063
52093
52849
52724
52583
52012
52763
52035
52339
52017
52457
52272
52625
52546
52057
52243
52970
52584
52555
52153
52548
52628
52418
52810
52407
52205
52323
52413
52655
52796
52626
52285
52191
52563
52391
52341
52448
52130
52071
52400
52306
52503
52916
52446
52148
52281
52741
52354
52857
52501
52085
52122
52333
52251
52034
52150
52997
52254
52974
52593
52517
52123
52382
52194
52915
52221
52853
52789
52073
52454
52289
52973
52366
52443
52088
52475
52040
52482
52431
52358
52417
52962
52573
52236
52953
52787
52844
52385
52255
52600
52702
52204
52461
52812
52427
52383
52745
52910
52797
52820
52762
52718
52004
52360
52695
52893
52680
52105
52854
52574
52599
52216
52278
52449
52163
52242
52138
52044
52528
52211
52113
52313
52886
52995
52549
52115
52220
52016
52894
52615
52876
52342
52404
52276
52262
52738
52271
52426
52029
52076
52688
52913
52452
52736
52781
52679
52292
52468
52106
52369
52137
52801
52038
52619
52988
52634
52580
52061
52803
52778
52058
52982
52725
52683
52870
52436
52536
52618
52912
52169
52504
52538
52094
52723
52421
52735
52885
52577
52833
52614
52646
52757
52493
52134
52293
52638
52693
52993
52696
52405
52355
52047
52442
52798
52344
52540
52858
52386
52302
52989
52429
52412
52821
52669
52494
52950
52904
52603
52351
52059
52930
52707
52898
52433
52013
52069
52045
52785
52288
52240
52112
52121
52107
52654
52183
52074
52145
52807
52056
52784
52390
52998
52941
52054
52384
52280
52873
52855
52840
52936
52902
52967
52643
52244
52402
52883
52867
52978
52804
52939
52771
52165
52766
52083
52052
52114
52954
52813
52608
52640
52553
52060
52168
52224
52264
52969
52174
52896
52207
52347
52835
52283
52139
52641
52308
52888
52252
52653
52694
52976
52352
52217
52223
52434
52440
52398
52782
52160
52450
52656
52147
52332
52659
52146
52729
52396
52176
52816
52681
52776
52488
52023
52831
52575
52848
52971
52566
52691
52544
52399
52786
52212
52513
52000
52557
52981
52010
52128
52111
52935
52710
52185
52152
52090
52510
52374
52127
52530
52687
52987
52515
52409
52938
52794
52022
52410
52008
52882
52297
52487
52591
52535
52476
52914
52805
52081
52991
52545
52537
52505
52764
52500
52791
52732
52585
52673
52132
52865
52743
52980
52559
52666
52714
52508
52864
52267
52650
52320
52651
52364
52181
52514
52750
52041
