52459
52907
52325
52111
52280
52548
52324
52028
52844
52863
52864
52303
52385
52702
52142
52247
52063
52749
52165
52240
52384
52707
52415
52805
52825
52291
52774
52991
52070
52959
52024
52871
52581
52510
52648
52627
52231
52514
52327
52882
52241
52896
52049
52930
52226
52605
52311
52786
52950
52021
52914
52443
52171
52244
52616
52615
52903
52838
52379
52760
52140
52981
52886
52902
52929
52503
52865
52877
52794
52274
52067
52015
52594
52750
52640
52246
52033
52504
52159
52470
52397
52126
52854
52318
52663
52039
52407
52169
52493
52582
52569
52317
52985
52875
52893
52160
52551
52290
52910
52935
52742
52869
52633
52050
52665
52388
52243
52084
52189
52919
52458
52570
52294
52897
52372
52463
52198
52613
52746
52946
52500
52520
52051
52217
52979
52124
52661
52468
52128
52720
52666
52097
52393
52629
52727
52782
52378
52261
52560
52365
52799
52389
52940
52312
52588
52057
52646
52668
52218
52625
52078
52765
52279
52376
52908
52872
52184
52597
52948
52432
52974
52331
52530
52836
52630
52418
52370
52223
52002
52660
52423
52292
52373
52957
52986
52591
52315
52349
52675
52694
52890
52471
52207
52103
52572
52726
52149
52428
52589
52255
52330
52686
52767
52512
52110
52046
52966
52006
52953
52030
52062
52271
52344
52204
52227
52061
52823
52208
52645
52411
52401
52345
52937
52815
52075
52105
52571
52814
52526
52492
52677
52509
52735
52539
52734
52847
52323
52913
52210
52934
52036
52595
52725
52552
52658
52600
52961
52119
52878
52115
52440
52342
52544
52561
52756
52988
52453
52296
52417
52360
52122
52729
52644
52631
52022
52351
52307
52357
52912
52333
52156
52144
52363
52266
52196
52178
52072
52744
52755
52262
52601
52060
52609
52610
52025
52118
52258
52133
52926
52487
52183
52499
52579
52708
52643
52769
52236
52369
52837
52684
52066
52619
52697
52019
52250
52422
52109
52332
52219
52737
52394
52933
52452
52614
52464
52141
52435
52964
52087
52536
52163
52260
52611
52321
52662
52242
52754
52001
52993
52673
52269
52997
52462
52975
52316
52027
52525
52733
52806
52168
52822
52092
52752
52849
52466
52874
52584
52010
52987
52651
52862
52998
52960
52842
52513
52088
52670
52080
52374
52494
52659
52116
52489
52176
52501
52724
52775
52257
52801
52139
52740
52074
52416
52523
52053
52427
52819
52185
52230
52086
52383
52534
52818
52147
52540
52305
52359
52301
52736
52356
52288
52860
52256
52721
52853
52469
52553
52085
52136
52174
52580
52856
52276
52216
52870
52117
52026
52237
52158
52425
52268
52678
52234
52585
52283
52905
52820
52773
52320
52783
52532
52793
52612
52739
52835
52017
52680
52430
52954
52238
52681
52558
52486
52225
52876
52175
52313
52909
52447
52134
52224
52642
52790
52554
52137
52426
52617
52400
52788
52089
52826
52577
52018
52679
52728
52390
52052
52090
52770
52947
52980
52573
52263
52398
52704
52367
52855
52713
52491
52143
52275
52152
52485
52654
52350
52858
52967
52716
52711
52516
52477
52543
52478
52578
52521
52867
52249
52634
52626
52192
52129
52475
52718
52069
52904
52743
52528
52214
52081
52556
52450
52766
52107
52354
52421
52885
52366
52667
52664
52888
52901
52515
52565
52945
52114
52759
52299
52000
52538
52254
52498
52172
52522
52714
52040
52789
52195
52779
52009
52235
52454
52800
52048
52023
52638
52182
52441
52928
52131
52502
52474
52636
52796
52637
52768
52082
52187
52438
52180
52859
52402
52480
52527
52352
52598
52211
52482
52446
52748
52873
52270
52395
52706
52791
52273
52326
52575
52709
52895
52194
52197
52692
52618
52857
52963
52112
52506
52064
52848
52951
52130
52043
52918
52173
52101
52404
52309
52341
52455
52108
52652
52973
52155
52596
52550
52545
52745
52212
52559
52433
52753
52505
52127
52020
52457
52698
52386
52387
52157
52164
52639
52497
52821
52703
52381
52700
52566
52529
52138
52889
52687
52151
52436
52962
52693
52831
52757
52852
52732
52091
52999
52076
52939
52620
52518
52669
52923
52531
52167
52336
52233
52541
52898
52302
52900
52971
52011
52846
52723
52005
52830
52286
52146
52405
52682
52335
52777
52248
52481
52179
52804
52833
52772
52065
52071
52916
52649
52924
52604
52120
52845
52984
52340
52880
52098
52829
52310
52054
52445
52285
52298
52239
52936
52059
52969
52420
52093
52628
52272
52479
52135
52016
52879
52162
52429
52058
52377
52215
52245
52007
52399
52308
52827
52099
52656
52764
52034
52439
52297
52013
52738
52590
52955
52802
52941
52632
52803
52448
52943
52972
52434
52776
52813
52606
52587
52784
52978
52892
52592
52976
52758
52056
52032
52284
52932
52547
52403
52968
52685
52153
52300
52537
52362
52232
52881
52763
52650
52817
52812
52906
52730
52671
52461
52688
52807
52396
52113
52840
52920
52655
52771
52096
52495
52992
52213
52657
52104
52699
52472
52467
52535
52364
52328
52408
52747
52647
52690
52996
52507
52229
52031
52751
52267
52843
52958
52414
52533
52841
52251
52014
52942
52419
52887
52809
52200
52145
52990
52564
52170
52449
52731
52068
52795
52004
52123
52563
52696
52508
52437
52705
52038
52816
52701
52608
52977
52319
52641
52277
52465
52562
52622
52894
52181
52674
52922
52329
52037
52568
52691
52412
52409
52188
52546
52781
52710
52607
52431
52828
52343
52927
52899
52839
52339
52201
52931
52496
52851
52995
52832
52199
52861
52073
52621
52042
52154
52338
52161
52253
52102
52047
52382
52186
52202
52586
52347
52603
52717
52221
52222
52306
52824
52410
52361
52583
52055
52549
52761
52519
52576
52375
52444
52095
52676
52797
52517
52884
52121
52209
52191
52259
52380
52008
52473
52970
52672
52762
52635
52193
52003
52524
52722
52282
52166
52567
52808
52125
52938
52989
52689
52281
52921
52780
52371
52982
52041
52012
52866
52079
52484
52264
52355
52712
52148
52834
52094
52346
52044
52785
52683
52476
52811
52206
52304
52228
52322
52490
52911
52106
52511
52451
52456
52252
52314
52337
52574
52949
52278
52150
52358
52035
52653
52555
52542
52891
52917
52413
52994
52915
52295
52557
52203
52220
52787
52483
52868
52029
52406
52488
52424
52883
52719
52190
52460
52925
52177
52944
52952
52623
52077
52287
52132
52391
52293
52965
52956
52715
52348
52442
52392
52593
52850
52695
52798
52778
52368
52334
52289
52624
52265
52599
52353
52741
52100
52083
52045
52983
52205
52792
52810
52602
